{
 "cells": [
  {
   "cell_type": "code",
   "execution_count": 1,
   "metadata": {},
   "outputs": [],
   "source": [
    "import pandas as pd\n",
    "import numpy as np \n",
    "import matplotlib.pyplot as plt\n",
    "import plotly.express as px\n",
    "import plotly.graph_objects as go\n",
    "import plotly.figure_factory as ff\n",
    "import seaborn as sns\n",
    "from collections import Counter\n",
    "from wordcloud import WordCloud, STOPWORDS\n",
    "import string\n",
    "import re\n",
    "import spacy\n",
    "import gensim\n",
    "import warnings\n",
    "warnings.filterwarnings(\"ignore\")"
   ]
  },
  {
   "cell_type": "code",
   "execution_count": 2,
   "metadata": {},
   "outputs": [
    {
     "data": {
      "text/html": [
       "<div>\n",
       "<style scoped>\n",
       "    .dataframe tbody tr th:only-of-type {\n",
       "        vertical-align: middle;\n",
       "    }\n",
       "\n",
       "    .dataframe tbody tr th {\n",
       "        vertical-align: top;\n",
       "    }\n",
       "\n",
       "    .dataframe thead th {\n",
       "        text-align: right;\n",
       "    }\n",
       "</style>\n",
       "<table border=\"1\" class=\"dataframe\">\n",
       "  <thead>\n",
       "    <tr style=\"text-align: right;\">\n",
       "      <th></th>\n",
       "      <th>review</th>\n",
       "      <th>year</th>\n",
       "    </tr>\n",
       "  </thead>\n",
       "  <tbody>\n",
       "    <tr>\n",
       "      <th>0</th>\n",
       "      <td>As usual the flight is delayed. BA try to blam...</td>\n",
       "      <td>2023</td>\n",
       "    </tr>\n",
       "    <tr>\n",
       "      <th>1</th>\n",
       "      <td>I had the most fantastic BA Flight today. The ...</td>\n",
       "      <td>2023</td>\n",
       "    </tr>\n",
       "    <tr>\n",
       "      <th>2</th>\n",
       "      <td>Couldn’t book in online. Arrived at check in t...</td>\n",
       "      <td>2023</td>\n",
       "    </tr>\n",
       "    <tr>\n",
       "      <th>3</th>\n",
       "      <td>London Heathrow to Mumbai in a Boeing 787-8 in...</td>\n",
       "      <td>2023</td>\n",
       "    </tr>\n",
       "    <tr>\n",
       "      <th>4</th>\n",
       "      <td>Keflavík, Iceland to London Heathrow on an A32...</td>\n",
       "      <td>2023</td>\n",
       "    </tr>\n",
       "  </tbody>\n",
       "</table>\n",
       "</div>"
      ],
      "text/plain": [
       "                                              review  year\n",
       "0  As usual the flight is delayed. BA try to blam...  2023\n",
       "1  I had the most fantastic BA Flight today. The ...  2023\n",
       "2  Couldn’t book in online. Arrived at check in t...  2023\n",
       "3  London Heathrow to Mumbai in a Boeing 787-8 in...  2023\n",
       "4  Keflavík, Iceland to London Heathrow on an A32...  2023"
      ]
     },
     "execution_count": 2,
     "metadata": {},
     "output_type": "execute_result"
    }
   ],
   "source": [
    "df = pd.read_csv(\"../data/cleaned.csv\",usecols=['review','year'])\n",
    "df.head()"
   ]
  },
  {
   "cell_type": "code",
   "execution_count": 3,
   "metadata": {},
   "outputs": [
    {
     "data": {
      "text/html": [
       "<div>\n",
       "<style scoped>\n",
       "    .dataframe tbody tr th:only-of-type {\n",
       "        vertical-align: middle;\n",
       "    }\n",
       "\n",
       "    .dataframe tbody tr th {\n",
       "        vertical-align: top;\n",
       "    }\n",
       "\n",
       "    .dataframe thead th {\n",
       "        text-align: right;\n",
       "    }\n",
       "</style>\n",
       "<table border=\"1\" class=\"dataframe\">\n",
       "  <thead>\n",
       "    <tr style=\"text-align: right;\">\n",
       "      <th></th>\n",
       "      <th>year</th>\n",
       "    </tr>\n",
       "  </thead>\n",
       "  <tbody>\n",
       "    <tr>\n",
       "      <th>count</th>\n",
       "      <td>3604.000000</td>\n",
       "    </tr>\n",
       "    <tr>\n",
       "      <th>mean</th>\n",
       "      <td>2017.078246</td>\n",
       "    </tr>\n",
       "    <tr>\n",
       "      <th>std</th>\n",
       "      <td>2.557902</td>\n",
       "    </tr>\n",
       "    <tr>\n",
       "      <th>min</th>\n",
       "      <td>2011.000000</td>\n",
       "    </tr>\n",
       "    <tr>\n",
       "      <th>25%</th>\n",
       "      <td>2015.000000</td>\n",
       "    </tr>\n",
       "    <tr>\n",
       "      <th>50%</th>\n",
       "      <td>2017.000000</td>\n",
       "    </tr>\n",
       "    <tr>\n",
       "      <th>75%</th>\n",
       "      <td>2019.000000</td>\n",
       "    </tr>\n",
       "    <tr>\n",
       "      <th>max</th>\n",
       "      <td>2023.000000</td>\n",
       "    </tr>\n",
       "  </tbody>\n",
       "</table>\n",
       "</div>"
      ],
      "text/plain": [
       "              year\n",
       "count  3604.000000\n",
       "mean   2017.078246\n",
       "std       2.557902\n",
       "min    2011.000000\n",
       "25%    2015.000000\n",
       "50%    2017.000000\n",
       "75%    2019.000000\n",
       "max    2023.000000"
      ]
     },
     "execution_count": 3,
     "metadata": {},
     "output_type": "execute_result"
    }
   ],
   "source": [
    "df_copy = df.copy()\n",
    "df_copy.describe()"
   ]
  },
  {
   "cell_type": "code",
   "execution_count": 4,
   "metadata": {},
   "outputs": [],
   "source": [
    "# https://stackoverflow.com/questions/56909294/how-to-set-time-slices-dynamic-topic-model\n",
    "# You must order from oldest date to newest date\n",
    "texts = df_copy.sort_values(by='year',ascending=True) "
   ]
  },
  {
   "cell_type": "code",
   "execution_count": 5,
   "metadata": {},
   "outputs": [],
   "source": [
    "texts = texts.reset_index()"
   ]
  },
  {
   "cell_type": "code",
   "execution_count": 6,
   "metadata": {},
   "outputs": [
    {
     "data": {
      "text/html": [
       "<div>\n",
       "<style scoped>\n",
       "    .dataframe tbody tr th:only-of-type {\n",
       "        vertical-align: middle;\n",
       "    }\n",
       "\n",
       "    .dataframe tbody tr th {\n",
       "        vertical-align: top;\n",
       "    }\n",
       "\n",
       "    .dataframe thead th {\n",
       "        text-align: right;\n",
       "    }\n",
       "</style>\n",
       "<table border=\"1\" class=\"dataframe\">\n",
       "  <thead>\n",
       "    <tr style=\"text-align: right;\">\n",
       "      <th></th>\n",
       "      <th>index</th>\n",
       "      <th>review</th>\n",
       "      <th>year</th>\n",
       "    </tr>\n",
       "  </thead>\n",
       "  <tbody>\n",
       "    <tr>\n",
       "      <th>0</th>\n",
       "      <td>3603</td>\n",
       "      <td>SIN-LHR BA12 B747-436 First Class. Old aircraf...</td>\n",
       "      <td>2011</td>\n",
       "    </tr>\n",
       "    <tr>\n",
       "      <th>1</th>\n",
       "      <td>3602</td>\n",
       "      <td>London City-New York JFK via Shannon on A318 b...</td>\n",
       "      <td>2011</td>\n",
       "    </tr>\n",
       "    <tr>\n",
       "      <th>2</th>\n",
       "      <td>3601</td>\n",
       "      <td>My son who had worked for British Airways urge...</td>\n",
       "      <td>2011</td>\n",
       "    </tr>\n",
       "    <tr>\n",
       "      <th>3</th>\n",
       "      <td>3589</td>\n",
       "      <td>Heathrow Marrakech. Had previously travelled o...</td>\n",
       "      <td>2012</td>\n",
       "    </tr>\n",
       "    <tr>\n",
       "      <th>4</th>\n",
       "      <td>3590</td>\n",
       "      <td>Flew return in CW from LHR to BKK in August 20...</td>\n",
       "      <td>2012</td>\n",
       "    </tr>\n",
       "  </tbody>\n",
       "</table>\n",
       "</div>"
      ],
      "text/plain": [
       "   index                                             review  year\n",
       "0   3603  SIN-LHR BA12 B747-436 First Class. Old aircraf...  2011\n",
       "1   3602  London City-New York JFK via Shannon on A318 b...  2011\n",
       "2   3601  My son who had worked for British Airways urge...  2011\n",
       "3   3589  Heathrow Marrakech. Had previously travelled o...  2012\n",
       "4   3590  Flew return in CW from LHR to BKK in August 20...  2012"
      ]
     },
     "execution_count": 6,
     "metadata": {},
     "output_type": "execute_result"
    }
   ],
   "source": [
    "texts.head()"
   ]
  },
  {
   "cell_type": "code",
   "execution_count": 7,
   "metadata": {},
   "outputs": [],
   "source": [
    "texts.drop('index',axis=1,inplace=True)"
   ]
  },
  {
   "cell_type": "code",
   "execution_count": 8,
   "metadata": {},
   "outputs": [],
   "source": [
    "docs = texts.review.tolist()\n",
    "year = texts.year.tolist()"
   ]
  },
  {
   "cell_type": "code",
   "execution_count": 9,
   "metadata": {},
   "outputs": [
    {
     "name": "stdout",
     "output_type": "stream",
     "text": [
      "Just got back from Bridgetown Barbados flying with British Airways and frankly couldn't wait to get off. I was so disappointed. I have travelled regularly with BA but the flights going over and coming back left a lot to be desired. The plane was in need of repair. I had water dripping from the ceiling where I was sitting and when I told the stewardess was told that was usual due to condensation and proceeded to stuff a tissue to stop the dripping. The toilets were so old that bits of the cladding were coming away. The food was awful and inedible. The staff were unapproachable and looked fed up. BA get your act together or you'll be losing flyers by the hundreds. \n",
      "\n"
     ]
    }
   ],
   "source": [
    "def inspector(index_value=0):\n",
    "    print(docs[index_value],\"\\n\")\n",
    "inspector(10)"
   ]
  },
  {
   "cell_type": "markdown",
   "metadata": {},
   "source": [
    "### **BerTopic**"
   ]
  },
  {
   "cell_type": "code",
   "execution_count": 10,
   "metadata": {},
   "outputs": [],
   "source": [
    "from bertopic import BERTopic\n",
    "from sentence_transformers import SentenceTransformer\n",
    "import pickle"
   ]
  },
  {
   "cell_type": "code",
   "execution_count": 11,
   "metadata": {},
   "outputs": [
    {
     "name": "stdout",
     "output_type": "stream",
     "text": [
      "SentenceTransformer(\n",
      "  (0): Transformer({'max_seq_length': 256, 'do_lower_case': False}) with Transformer model: BertModel \n",
      "  (1): Pooling({'word_embedding_dimension': 384, 'pooling_mode_cls_token': False, 'pooling_mode_mean_tokens': True, 'pooling_mode_max_tokens': False, 'pooling_mode_mean_sqrt_len_tokens': False})\n",
      "  (2): Normalize()\n",
      ")\n"
     ]
    }
   ],
   "source": [
    "# Loading the transformer model\n",
    "import os\n",
    "\n",
    "# Determine the paths to the directories on the desktop\n",
    "desktop_path = os.path.expanduser(\"~/Desktop\")\n",
    "machtensor = os.path.join(desktop_path,\"machtensor\")\n",
    "\n",
    "# Specify the path to the file in \"subfolders\" \n",
    "nlp = os.path.join(machtensor,\"nlp\")\n",
    "topic_modelling = os.path.join(nlp,\"topic_modelling\")\n",
    "amazon_topic_modellig = os.path.join(topic_modelling,'amazon_topic_modellig')\n",
    "model = os.path.join(amazon_topic_modellig,'model')\n",
    "sentence_transformer = os.path.join(model,'sentence_transformer')\n",
    "file_name = \"sentence_model.pkl\" # file name\n",
    "file_path = os.path.join(sentence_transformer,file_name)\n",
    "\n",
    "# Read the Pickle file\n",
    "with open(file_path,'rb') as file:\n",
    "    sentence_model = pickle.load(file)\n",
    "\n",
    "print(sentence_model) # The sentence transformer"
   ]
  },
  {
   "cell_type": "code",
   "execution_count": 36,
   "metadata": {},
   "outputs": [
    {
     "data": {
      "application/vnd.jupyter.widget-view+json": {
       "model_id": "9dac4d40807a4e4bb982cea99fe76353",
       "version_major": 2,
       "version_minor": 0
      },
      "text/plain": [
       "Batches:   0%|          | 0/113 [00:00<?, ?it/s]"
      ]
     },
     "metadata": {},
     "output_type": "display_data"
    }
   ],
   "source": [
    "embeddings = sentence_model.encode(docs, show_progress_bar=True)"
   ]
  },
  {
   "cell_type": "code",
   "execution_count": 97,
   "metadata": {},
   "outputs": [],
   "source": [
    "from sklearn.cluster import KMeans\n",
    "from sklearn.feature_extraction.text import CountVectorizer\n",
    "from hdbscan import HDBSCAN\n",
    "# cluster_model  = KMeans(n_clusters=4)\n",
    "hdbscan_model = HDBSCAN(min_cluster_size=20, metric='euclidean', \n",
    "        cluster_selection_method='eom', prediction_data=True)\n",
    "vectoriser_model = CountVectorizer(ngram_range=(1,3),stop_words=\"english\")"
   ]
  },
  {
   "cell_type": "code",
   "execution_count": 98,
   "metadata": {},
   "outputs": [
    {
     "name": "stderr",
     "output_type": "stream",
     "text": [
      "2023-11-03 15:05:19,775 - BERTopic - Reduced dimensionality\n",
      "2023-11-03 15:05:20,627 - BERTopic - Clustered reduced embeddings\n"
     ]
    }
   ],
   "source": [
    "topic_model = BERTopic(\n",
    "    verbose=True,\n",
    "    min_topic_size = 50,\n",
    "    n_gram_range=(1,3),\n",
    "    hdbscan_model=hdbscan_model,\n",
    "    vectorizer_model=vectoriser_model,\n",
    "    calculate_probabilities=True,\n",
    "    embedding_model=sentence_model,\n",
    "    )\n",
    "topics, probs = topic_model.fit_transform(docs,embeddings)\n",
    "# AssertionError: Torch not compiled with CUDA enabled\n",
    "# Reinstall torch with cuda\n",
    "# pip install torch torchvision torchaudio --index-url https://download.pytorch.org/whl/cu121"
   ]
  },
  {
   "cell_type": "markdown",
   "metadata": {},
   "source": [
    "**Topic Information**"
   ]
  },
  {
   "cell_type": "code",
   "execution_count": 99,
   "metadata": {},
   "outputs": [
    {
     "data": {
      "text/html": [
       "<div>\n",
       "<style scoped>\n",
       "    .dataframe tbody tr th:only-of-type {\n",
       "        vertical-align: middle;\n",
       "    }\n",
       "\n",
       "    .dataframe tbody tr th {\n",
       "        vertical-align: top;\n",
       "    }\n",
       "\n",
       "    .dataframe thead th {\n",
       "        text-align: right;\n",
       "    }\n",
       "</style>\n",
       "<table border=\"1\" class=\"dataframe\">\n",
       "  <thead>\n",
       "    <tr style=\"text-align: right;\">\n",
       "      <th></th>\n",
       "      <th>Topic</th>\n",
       "      <th>Count</th>\n",
       "      <th>Name</th>\n",
       "    </tr>\n",
       "  </thead>\n",
       "  <tbody>\n",
       "    <tr>\n",
       "      <th>0</th>\n",
       "      <td>-1</td>\n",
       "      <td>1337</td>\n",
       "      <td>-1_flight_ba_service_food</td>\n",
       "    </tr>\n",
       "    <tr>\n",
       "      <th>1</th>\n",
       "      <td>0</td>\n",
       "      <td>804</td>\n",
       "      <td>0_flight_ba_british_airways</td>\n",
       "    </tr>\n",
       "    <tr>\n",
       "      <th>2</th>\n",
       "      <td>1</td>\n",
       "      <td>454</td>\n",
       "      <td>1_lhr_good_flight_seat</td>\n",
       "    </tr>\n",
       "    <tr>\n",
       "      <th>3</th>\n",
       "      <td>2</td>\n",
       "      <td>324</td>\n",
       "      <td>2_gatwick_flight_ba_crew</td>\n",
       "    </tr>\n",
       "    <tr>\n",
       "      <th>4</th>\n",
       "      <td>3</td>\n",
       "      <td>162</td>\n",
       "      <td>3_london_flight_good_heathrow</td>\n",
       "    </tr>\n",
       "    <tr>\n",
       "      <th>5</th>\n",
       "      <td>4</td>\n",
       "      <td>150</td>\n",
       "      <td>4_flight_food_meal_served</td>\n",
       "    </tr>\n",
       "    <tr>\n",
       "      <th>6</th>\n",
       "      <td>5</td>\n",
       "      <td>81</td>\n",
       "      <td>5_class_business_business class_british</td>\n",
       "    </tr>\n",
       "    <tr>\n",
       "      <th>7</th>\n",
       "      <td>6</td>\n",
       "      <td>50</td>\n",
       "      <td>6_bangkok_flight_airways_bangkok london</td>\n",
       "    </tr>\n",
       "    <tr>\n",
       "      <th>8</th>\n",
       "      <td>7</td>\n",
       "      <td>44</td>\n",
       "      <td>7_singapore_sydney_qantas_service</td>\n",
       "    </tr>\n",
       "    <tr>\n",
       "      <th>9</th>\n",
       "      <td>8</td>\n",
       "      <td>35</td>\n",
       "      <td>8_madrid_iberia_flight_service</td>\n",
       "    </tr>\n",
       "    <tr>\n",
       "      <th>10</th>\n",
       "      <td>9</td>\n",
       "      <td>27</td>\n",
       "      <td>9_london_ba_heathrow_airline</td>\n",
       "    </tr>\n",
       "    <tr>\n",
       "      <th>11</th>\n",
       "      <td>10</td>\n",
       "      <td>25</td>\n",
       "      <td>10_belfast_bucharest_flight_london</td>\n",
       "    </tr>\n",
       "    <tr>\n",
       "      <th>12</th>\n",
       "      <td>11</td>\n",
       "      <td>24</td>\n",
       "      <td>11_concorde_class_crew_lounge</td>\n",
       "    </tr>\n",
       "    <tr>\n",
       "      <th>13</th>\n",
       "      <td>12</td>\n",
       "      <td>24</td>\n",
       "      <td>12_edinburgh_flight_ba_heathrow edinburgh</td>\n",
       "    </tr>\n",
       "    <tr>\n",
       "      <th>14</th>\n",
       "      <td>13</td>\n",
       "      <td>22</td>\n",
       "      <td>13_economy_premium_premium economy_seat</td>\n",
       "    </tr>\n",
       "    <tr>\n",
       "      <th>15</th>\n",
       "      <td>14</td>\n",
       "      <td>21</td>\n",
       "      <td>14_amsterdam_mexico_london_heathrow</td>\n",
       "    </tr>\n",
       "    <tr>\n",
       "      <th>16</th>\n",
       "      <td>15</td>\n",
       "      <td>20</td>\n",
       "      <td>15_ba_seat_airline_economy</td>\n",
       "    </tr>\n",
       "  </tbody>\n",
       "</table>\n",
       "</div>"
      ],
      "text/plain": [
       "    Topic  Count                                       Name\n",
       "0      -1   1337                  -1_flight_ba_service_food\n",
       "1       0    804                0_flight_ba_british_airways\n",
       "2       1    454                     1_lhr_good_flight_seat\n",
       "3       2    324                   2_gatwick_flight_ba_crew\n",
       "4       3    162              3_london_flight_good_heathrow\n",
       "5       4    150                  4_flight_food_meal_served\n",
       "6       5     81    5_class_business_business class_british\n",
       "7       6     50    6_bangkok_flight_airways_bangkok london\n",
       "8       7     44          7_singapore_sydney_qantas_service\n",
       "9       8     35             8_madrid_iberia_flight_service\n",
       "10      9     27               9_london_ba_heathrow_airline\n",
       "11     10     25         10_belfast_bucharest_flight_london\n",
       "12     11     24              11_concorde_class_crew_lounge\n",
       "13     12     24  12_edinburgh_flight_ba_heathrow edinburgh\n",
       "14     13     22    13_economy_premium_premium economy_seat\n",
       "15     14     21        14_amsterdam_mexico_london_heathrow\n",
       "16     15     20                 15_ba_seat_airline_economy"
      ]
     },
     "execution_count": 99,
     "metadata": {},
     "output_type": "execute_result"
    }
   ],
   "source": [
    "topic_model.get_topic_info()"
   ]
  },
  {
   "cell_type": "code",
   "execution_count": 100,
   "metadata": {},
   "outputs": [
    {
     "data": {
      "application/vnd.plotly.v1+json": {
       "config": {
        "plotlyServerURL": "https://plot.ly"
       },
       "data": [
        {
         "coloraxis": "coloraxis",
         "hovertemplate": "x: %{x}<br>y: %{y}<br>Similarity Score: %{z}<extra></extra>",
         "name": "0",
         "type": "heatmap",
         "x": [
          "0_flight_ba_british",
          "1_lhr_good_flight",
          "2_gatwick_flight_ba",
          "3_london_flight_good",
          "4_flight_food_meal",
          "5_class_business_business c...",
          "6_bangkok_flight_airways",
          "7_singapore_sydney_qantas",
          "8_madrid_iberia_flight",
          "9_london_ba_heathrow",
          "10_belfast_bucharest_flight",
          "11_concorde_class_crew",
          "12_edinburgh_flight_ba",
          "13_economy_premium_premium ...",
          "14_amsterdam_mexico_london",
          "15_ba_seat_airline"
         ],
         "xaxis": "x",
         "y": [
          "0_flight_ba_british",
          "1_lhr_good_flight",
          "2_gatwick_flight_ba",
          "3_london_flight_good",
          "4_flight_food_meal",
          "5_class_business_business c...",
          "6_bangkok_flight_airways",
          "7_singapore_sydney_qantas",
          "8_madrid_iberia_flight",
          "9_london_ba_heathrow",
          "10_belfast_bucharest_flight",
          "11_concorde_class_crew",
          "12_edinburgh_flight_ba",
          "13_economy_premium_premium ...",
          "14_amsterdam_mexico_london",
          "15_ba_seat_airline"
         ],
         "yaxis": "y",
         "z": [
          [
           0.9999999999999996,
           0.8349673328721818,
           0.8834747589203443,
           0.8699403930711522,
           0.8509503375637488,
           0.7959716019803487,
           0.8529937696460921,
           0.7873060446175973,
           0.8479689583327557,
           0.899401701280685,
           0.8117872065757195,
           0.6922974870327173,
           0.868014923059802,
           0.6024421123681438,
           0.821761244416129,
           0.9353712021701591
          ],
          [
           0.8349673328721818,
           0.9999999999999996,
           0.9205076644071769,
           0.8479814785906383,
           0.9048161234982833,
           0.7848799907833086,
           0.7518171283028482,
           0.7990679239527914,
           0.8628893605316166,
           0.8130373991481044,
           0.7365674162247783,
           0.8378049774491604,
           0.7833318322356607,
           0.6170433180320813,
           0.6595907100425764,
           0.8666942921047189
          ],
          [
           0.8834747589203443,
           0.9205076644071769,
           0.9999999999999998,
           0.8989967572240586,
           0.9111212996438534,
           0.7665154234636026,
           0.8074005218010525,
           0.8275658687592314,
           0.8718989874995091,
           0.8723477314694169,
           0.8191480149274198,
           0.7993351329231286,
           0.8722333332697778,
           0.5998050684285356,
           0.7429504146458263,
           0.8682188803224777
          ],
          [
           0.8699403930711522,
           0.8479814785906383,
           0.8989967572240586,
           0.9999999999999993,
           0.8455135354529785,
           0.7085596775003921,
           0.8734850157232446,
           0.8009712276751916,
           0.8850894806555587,
           0.9512000135540375,
           0.8981755263001667,
           0.7253874594722542,
           0.8877726018733924,
           0.5426894642313507,
           0.8694840613033965,
           0.8281625229137565
          ],
          [
           0.8509503375637488,
           0.9048161234982833,
           0.9111212996438534,
           0.8455135354529785,
           0.9999999999999997,
           0.7604600561697287,
           0.7656447749474857,
           0.7911660584471472,
           0.8152778138548549,
           0.7847881232138495,
           0.7221902574100229,
           0.7184221918379847,
           0.7900679087450485,
           0.5808288615977478,
           0.7041048120621742,
           0.8854526474220829
          ],
          [
           0.7959716019803487,
           0.7848799907833086,
           0.7665154234636026,
           0.7085596775003921,
           0.7604600561697287,
           1.0000000000000004,
           0.7239106053551302,
           0.7469303839662025,
           0.7517369939783239,
           0.7242610406537635,
           0.6432313299220815,
           0.7468940289603392,
           0.6887415100716703,
           0.6732193500581742,
           0.6617187713854552,
           0.8518835137274765
          ],
          [
           0.8529937696460921,
           0.7518171283028482,
           0.8074005218010525,
           0.8734850157232446,
           0.7656447749474857,
           0.7239106053551302,
           0.9999999999999998,
           0.804391372133709,
           0.8184388778247992,
           0.893843253324508,
           0.8327113771349459,
           0.6564681010697957,
           0.8305137192240803,
           0.5308752145722567,
           0.8703115414655324,
           0.8423928944148941
          ],
          [
           0.7873060446175973,
           0.7990679239527914,
           0.8275658687592314,
           0.8009712276751916,
           0.7911660584471472,
           0.7469303839662025,
           0.804391372133709,
           1,
           0.8058835964101189,
           0.8082117651495949,
           0.8027535746088788,
           0.715403877713022,
           0.7794696879927369,
           0.5780464737434965,
           0.7523840294772638,
           0.8024213144045046
          ],
          [
           0.8479689583327557,
           0.8628893605316166,
           0.8718989874995091,
           0.8850894806555587,
           0.8152778138548549,
           0.7517369939783239,
           0.8184388778247992,
           0.8058835964101189,
           1.0000000000000009,
           0.891774676478357,
           0.850505785450614,
           0.7638934920615909,
           0.8632469280256145,
           0.5868205255775929,
           0.7937169447766251,
           0.8191986672579271
          ],
          [
           0.899401701280685,
           0.8130373991481044,
           0.8723477314694169,
           0.9512000135540375,
           0.7847881232138495,
           0.7242610406537635,
           0.893843253324508,
           0.8082117651495949,
           0.891774676478357,
           1,
           0.9155623486287188,
           0.6876118370849267,
           0.9136674324595516,
           0.5614433003734762,
           0.8789812392180693,
           0.849047713117912
          ],
          [
           0.8117872065757195,
           0.7365674162247783,
           0.8191480149274198,
           0.8981755263001667,
           0.7221902574100229,
           0.6432313299220815,
           0.8327113771349459,
           0.8027535746088788,
           0.850505785450614,
           0.9155623486287188,
           1.0000000000000002,
           0.6422885765770406,
           0.8903922750160501,
           0.4897860919952334,
           0.8298378093677454,
           0.7460044774924852
          ],
          [
           0.6922974870327173,
           0.8378049774491604,
           0.7993351329231286,
           0.7253874594722542,
           0.7184221918379847,
           0.7468940289603392,
           0.6564681010697957,
           0.715403877713022,
           0.7638934920615909,
           0.6876118370849267,
           0.6422885765770406,
           1,
           0.6656110085946366,
           0.5270478126234985,
           0.5955627763551893,
           0.6921311189217948
          ],
          [
           0.868014923059802,
           0.7833318322356607,
           0.8722333332697778,
           0.8877726018733924,
           0.7900679087450485,
           0.6887415100716703,
           0.8305137192240803,
           0.7794696879927369,
           0.8632469280256145,
           0.9136674324595516,
           0.8903922750160501,
           0.6656110085946366,
           0.999999999999999,
           0.5280677471582345,
           0.8151359027901538,
           0.8079522549000047
          ],
          [
           0.6024421123681438,
           0.6170433180320813,
           0.5998050684285356,
           0.5426894642313507,
           0.5808288615977478,
           0.6732193500581742,
           0.5308752145722567,
           0.5780464737434965,
           0.5868205255775929,
           0.5614433003734762,
           0.4897860919952334,
           0.5270478126234985,
           0.5280677471582345,
           0.9999999999999991,
           0.5086711778048524,
           0.673402886565173
          ],
          [
           0.821761244416129,
           0.6595907100425764,
           0.7429504146458263,
           0.8694840613033965,
           0.7041048120621742,
           0.6617187713854552,
           0.8703115414655324,
           0.7523840294772638,
           0.7937169447766251,
           0.8789812392180693,
           0.8298378093677454,
           0.5955627763551893,
           0.8151359027901538,
           0.5086711778048524,
           0.9999999999999993,
           0.8029796473998928
          ],
          [
           0.9353712021701591,
           0.8666942921047189,
           0.8682188803224777,
           0.8281625229137565,
           0.8854526474220829,
           0.8518835137274765,
           0.8423928944148941,
           0.8024213144045046,
           0.8191986672579271,
           0.849047713117912,
           0.7460044774924852,
           0.6921311189217948,
           0.8079522549000047,
           0.673402886565173,
           0.8029796473998928,
           1.0000000000000002
          ]
         ]
        }
       ],
       "layout": {
        "coloraxis": {
         "colorbar": {
          "title": {
           "text": "Similarity Score"
          }
         },
         "colorscale": [
          [
           0,
           "rgb(247,252,240)"
          ],
          [
           0.125,
           "rgb(224,243,219)"
          ],
          [
           0.25,
           "rgb(204,235,197)"
          ],
          [
           0.375,
           "rgb(168,221,181)"
          ],
          [
           0.5,
           "rgb(123,204,196)"
          ],
          [
           0.625,
           "rgb(78,179,211)"
          ],
          [
           0.75,
           "rgb(43,140,190)"
          ],
          [
           0.875,
           "rgb(8,104,172)"
          ],
          [
           1,
           "rgb(8,64,129)"
          ]
         ]
        },
        "height": 800,
        "hoverlabel": {
         "bgcolor": "white",
         "font": {
          "family": "Rockwell",
          "size": 16
         }
        },
        "legend": {
         "title": {
          "text": "Trend"
         }
        },
        "margin": {
         "t": 60
        },
        "showlegend": true,
        "template": {
         "data": {
          "bar": [
           {
            "error_x": {
             "color": "#2a3f5f"
            },
            "error_y": {
             "color": "#2a3f5f"
            },
            "marker": {
             "line": {
              "color": "#E5ECF6",
              "width": 0.5
             },
             "pattern": {
              "fillmode": "overlay",
              "size": 10,
              "solidity": 0.2
             }
            },
            "type": "bar"
           }
          ],
          "barpolar": [
           {
            "marker": {
             "line": {
              "color": "#E5ECF6",
              "width": 0.5
             },
             "pattern": {
              "fillmode": "overlay",
              "size": 10,
              "solidity": 0.2
             }
            },
            "type": "barpolar"
           }
          ],
          "carpet": [
           {
            "aaxis": {
             "endlinecolor": "#2a3f5f",
             "gridcolor": "white",
             "linecolor": "white",
             "minorgridcolor": "white",
             "startlinecolor": "#2a3f5f"
            },
            "baxis": {
             "endlinecolor": "#2a3f5f",
             "gridcolor": "white",
             "linecolor": "white",
             "minorgridcolor": "white",
             "startlinecolor": "#2a3f5f"
            },
            "type": "carpet"
           }
          ],
          "choropleth": [
           {
            "colorbar": {
             "outlinewidth": 0,
             "ticks": ""
            },
            "type": "choropleth"
           }
          ],
          "contour": [
           {
            "colorbar": {
             "outlinewidth": 0,
             "ticks": ""
            },
            "colorscale": [
             [
              0,
              "#0d0887"
             ],
             [
              0.1111111111111111,
              "#46039f"
             ],
             [
              0.2222222222222222,
              "#7201a8"
             ],
             [
              0.3333333333333333,
              "#9c179e"
             ],
             [
              0.4444444444444444,
              "#bd3786"
             ],
             [
              0.5555555555555556,
              "#d8576b"
             ],
             [
              0.6666666666666666,
              "#ed7953"
             ],
             [
              0.7777777777777778,
              "#fb9f3a"
             ],
             [
              0.8888888888888888,
              "#fdca26"
             ],
             [
              1,
              "#f0f921"
             ]
            ],
            "type": "contour"
           }
          ],
          "contourcarpet": [
           {
            "colorbar": {
             "outlinewidth": 0,
             "ticks": ""
            },
            "type": "contourcarpet"
           }
          ],
          "heatmap": [
           {
            "colorbar": {
             "outlinewidth": 0,
             "ticks": ""
            },
            "colorscale": [
             [
              0,
              "#0d0887"
             ],
             [
              0.1111111111111111,
              "#46039f"
             ],
             [
              0.2222222222222222,
              "#7201a8"
             ],
             [
              0.3333333333333333,
              "#9c179e"
             ],
             [
              0.4444444444444444,
              "#bd3786"
             ],
             [
              0.5555555555555556,
              "#d8576b"
             ],
             [
              0.6666666666666666,
              "#ed7953"
             ],
             [
              0.7777777777777778,
              "#fb9f3a"
             ],
             [
              0.8888888888888888,
              "#fdca26"
             ],
             [
              1,
              "#f0f921"
             ]
            ],
            "type": "heatmap"
           }
          ],
          "heatmapgl": [
           {
            "colorbar": {
             "outlinewidth": 0,
             "ticks": ""
            },
            "colorscale": [
             [
              0,
              "#0d0887"
             ],
             [
              0.1111111111111111,
              "#46039f"
             ],
             [
              0.2222222222222222,
              "#7201a8"
             ],
             [
              0.3333333333333333,
              "#9c179e"
             ],
             [
              0.4444444444444444,
              "#bd3786"
             ],
             [
              0.5555555555555556,
              "#d8576b"
             ],
             [
              0.6666666666666666,
              "#ed7953"
             ],
             [
              0.7777777777777778,
              "#fb9f3a"
             ],
             [
              0.8888888888888888,
              "#fdca26"
             ],
             [
              1,
              "#f0f921"
             ]
            ],
            "type": "heatmapgl"
           }
          ],
          "histogram": [
           {
            "marker": {
             "pattern": {
              "fillmode": "overlay",
              "size": 10,
              "solidity": 0.2
             }
            },
            "type": "histogram"
           }
          ],
          "histogram2d": [
           {
            "colorbar": {
             "outlinewidth": 0,
             "ticks": ""
            },
            "colorscale": [
             [
              0,
              "#0d0887"
             ],
             [
              0.1111111111111111,
              "#46039f"
             ],
             [
              0.2222222222222222,
              "#7201a8"
             ],
             [
              0.3333333333333333,
              "#9c179e"
             ],
             [
              0.4444444444444444,
              "#bd3786"
             ],
             [
              0.5555555555555556,
              "#d8576b"
             ],
             [
              0.6666666666666666,
              "#ed7953"
             ],
             [
              0.7777777777777778,
              "#fb9f3a"
             ],
             [
              0.8888888888888888,
              "#fdca26"
             ],
             [
              1,
              "#f0f921"
             ]
            ],
            "type": "histogram2d"
           }
          ],
          "histogram2dcontour": [
           {
            "colorbar": {
             "outlinewidth": 0,
             "ticks": ""
            },
            "colorscale": [
             [
              0,
              "#0d0887"
             ],
             [
              0.1111111111111111,
              "#46039f"
             ],
             [
              0.2222222222222222,
              "#7201a8"
             ],
             [
              0.3333333333333333,
              "#9c179e"
             ],
             [
              0.4444444444444444,
              "#bd3786"
             ],
             [
              0.5555555555555556,
              "#d8576b"
             ],
             [
              0.6666666666666666,
              "#ed7953"
             ],
             [
              0.7777777777777778,
              "#fb9f3a"
             ],
             [
              0.8888888888888888,
              "#fdca26"
             ],
             [
              1,
              "#f0f921"
             ]
            ],
            "type": "histogram2dcontour"
           }
          ],
          "mesh3d": [
           {
            "colorbar": {
             "outlinewidth": 0,
             "ticks": ""
            },
            "type": "mesh3d"
           }
          ],
          "parcoords": [
           {
            "line": {
             "colorbar": {
              "outlinewidth": 0,
              "ticks": ""
             }
            },
            "type": "parcoords"
           }
          ],
          "pie": [
           {
            "automargin": true,
            "type": "pie"
           }
          ],
          "scatter": [
           {
            "fillpattern": {
             "fillmode": "overlay",
             "size": 10,
             "solidity": 0.2
            },
            "type": "scatter"
           }
          ],
          "scatter3d": [
           {
            "line": {
             "colorbar": {
              "outlinewidth": 0,
              "ticks": ""
             }
            },
            "marker": {
             "colorbar": {
              "outlinewidth": 0,
              "ticks": ""
             }
            },
            "type": "scatter3d"
           }
          ],
          "scattercarpet": [
           {
            "marker": {
             "colorbar": {
              "outlinewidth": 0,
              "ticks": ""
             }
            },
            "type": "scattercarpet"
           }
          ],
          "scattergeo": [
           {
            "marker": {
             "colorbar": {
              "outlinewidth": 0,
              "ticks": ""
             }
            },
            "type": "scattergeo"
           }
          ],
          "scattergl": [
           {
            "marker": {
             "colorbar": {
